%YAML:1.0
homography: !!opencv-matrix
   rows: 3
   cols: 3
   dt: d
   data: [ -2.3381753979828619e+00, 5.7378537373812342e-02,
       1.1335416950883537e+03, -8.1185987800834969e-02,
       -3.1662535242325616e+00, 7.1102688115971205e+02,
       1.7448889553586922e-04, -1.8200259989357984e-04, 1. ]
