%YAML:1.0
homography: !!opencv-matrix
   rows: 3
   cols: 3
   dt: d
   data: [ 1.7593120839539436e+00, 7.5832417411807592e-03,
       -3.2836953387661043e+02, 4.1486884936015558e-02,
       2.1395379231287981e+00, -3.2864724906741827e+02,
       -4.2820947573966077e-05, 1.0980481798382314e-04, 1. ]
