%YAML:1.0
homography: !!opencv-matrix
   rows: 3
   cols: 3
   dt: d
   data: [ -2.2298924740834987e+00, 2.8588365052352863e-02,
       1.0809546709945023e+03, 1.0766326950313035e-02,
       -3.0253378730379499e+00, 7.6015651432684842e+02,
       -2.1493948457738670e-05, -6.5608165029192852e-05, 1. ]
