%YAML:1.0
homography: !!opencv-matrix
   rows: 3
   cols: 3
   dt: d
   data: [ 2.2186553059034657e+00, -1.6536561286237003e-01,
       -2.7052436217509876e+02, 1.0264944644321330e-01,
       2.9049793343429351e+00, -2.1057507443360765e+02,
       -2.8055864429031144e-05, -8.3648531102293013e-05, 1. ]
