%YAML:1.0
homography: !!opencv-matrix
   rows: 3
   cols: 3
   dt: d
   data: [ -2.3588168839440189e+00, 1.3696356100320115e-01,
       1.0462798606768981e+03, -1.0483125270655444e-01,
       -3.1449375811966283e+00, 6.6725092347721807e+02,
       4.4379695033599172e-05, -5.4166604809343628e-05, 1. ]
