%YAML:1.0
homography: !!opencv-matrix
   rows: 3
   cols: 3
   dt: d
   data: [ 2.1309743902466751e+00, -1.1694371653792729e-01,
       -3.0089618265208696e+02, 9.7544349307265056e-03,
       2.7995228251184843e+00, -1.4418030271106738e+02,
       -8.6327619262541042e-05, -1.4002486829022456e-04, 1. ]
