%YAML:1.0
homography: !!opencv-matrix
   rows: 3
   cols: 3
   dt: d
   data: [ -2.2455614370094565e+00, -2.8974986283993170e-02,
       1.0875036727039669e+03, 6.4442694143894766e-02,
       -2.9858448286671089e+00, 7.3039349542689922e+02,
       -6.4234136460538882e-05, -4.5273416068739410e-05, 1. ]
