%YAML:1.0
homography: !!opencv-matrix
   rows: 3
   cols: 3
   dt: d
   data: [ -2.2963937562131616e+00, -1.4626711823012834e-02,
       1.1243699645468914e+03, 8.8320724966459541e-02,
       -3.0912253738260795e+00, 7.4516195654201795e+02,
       2.2992841505091276e-05, 2.9389153031334844e-07, 1. ]
