%YAML:1.0
homography: !!opencv-matrix
   rows: 3
   cols: 3
   dt: d
   data: [ 2.5964440638093422e+00, 5.1584981400186442e-02,
       -5.7279963346766158e+02, -6.1347722803926218e-02,
       3.3986638433375180e+00, -7.7523890352865624e+02,
       2.2464600768438297e-04, 5.6649671925181394e-05, 1. ]
