%YAML:1.0
homography: !!opencv-matrix
   rows: 3
   cols: 3
   dt: d
   data: [ 1.4568792813316338e+00, 4.8081824466390692e-02,
       -1.1442512586511660e+02, 9.8048373775582953e-02,
       1.6493137160106970e+00, -1.3444883253976809e+02,
       1.2076076528896134e-04, 8.1885258602690863e-05, 1. ]
