%YAML:1.0
homography: !!opencv-matrix
   rows: 3
   cols: 3
   dt: d
   data: [ -2.4569359530503725e+00, 1.5749589442630579e-01,
       1.0948799588727936e+03, -2.4502102484981688e-02,
       -3.3812901429274369e+00, 6.6381096052311693e+02,
       2.1292272760298686e-04, 1.0919932307339286e-04, 1. ]
