%YAML:1.0
homography: !!opencv-matrix
   rows: 3
   cols: 3
   dt: d
   data: [ 2.4160437493620543e+00, -2.6328681884073668e-01,
       -4.9976484453951338e+02, 3.7538345639320247e-01,
       3.1509459824520318e+00, -1.0192457109013249e+03,
       1.0229360218633270e-04, 2.4756347859133722e-05, 1. ]
