%YAML:1.0
homography: !!opencv-matrix
   rows: 3
   cols: 3
   dt: d
   data: [ -2.3050187918794194e+00, 1.5460491896752299e-01,
       1.0227818139333253e+03, -1.0466959321487083e-01,
       -3.0040173252667968e+00, 6.4262943450202181e+02,
       5.4696690589275394e-05, 1.2872177376018390e-04, 1. ]
