%YAML:1.0
homography: !!opencv-matrix
   rows: 3
   cols: 3
   dt: d
   data: [ -2.4430930417392558e+00, 3.2574573889857024e-02,
       1.1408593013444527e+03, 7.4221392734547309e-02,
       -3.3275924409322015e+00, 7.2047942950637264e+02,
       7.6162934972498166e-05, 5.0897771702902241e-05, 1. ]
