%YAML:1.0
homography: !!opencv-matrix
   rows: 3
   cols: 3
   dt: d
   data: [ -2.4264662512540509e+00, 4.1376983973583533e-16,
       1.1477185368431660e+03, 1.0906710262197276e-01,
       -3.2962502125751785e+00, 6.9336380850179717e+02,
       9.9085934043087860e-05, 5.2220663780236117e-05, 1. ]
