%YAML:1.0
homography: !!opencv-matrix
   rows: 3
   cols: 3
   dt: d
   data: [ -2.4855811909982033e+00, 6.3326909324795982e-02,
       1.1260632698861732e+03, 8.7243803397225581e-02,
       -3.4398985339477481e+00, 1.3046064458006540e+03,
       2.3478045755341838e-04, 7.1120585897777746e-05, 1. ]
