%YAML:1.0
homography: !!opencv-matrix
   rows: 3
   cols: 3
   dt: d
   data: [ -2.5172707347336960e+00, 1.7124290712473799e-02,
       1.2574195427262623e+03, 7.7812357496818141e-02,
       -3.3589000986126409e+00, 6.9325623039164986e+02,
       5.3202640242176376e-05, 2.6756704238239219e-05, 1. ]
