%YAML:1.0
homography: !!opencv-matrix
   rows: 3
   cols: 3
   dt: d
   data: [ -2.4298497895284537e+00, 1.3667905066097488e-01,
       1.1649003622223102e+03, -2.3684778825722307e-02,
       -3.2566570885368158e+00, 6.8250058664201367e+02,
       1.7537770980541732e-04, 3.1834702660351718e-05, 1. ]
