%YAML:1.0
homography: !!opencv-matrix
   rows: 3
   cols: 3
   dt: d
   data: [ 6.6466185959066770e+00, 7.3851317732296751e-02,
       -7.7750667308561674e+02, -2.4920757009346914e-01,
       4.8180130218070651e+00, -8.2894744732090862e+02,
       1.7768022796611305e-03, -1.1143986412494357e-03, 1. ]
