%YAML:1.0
homography: !!opencv-matrix
   rows: 3
   cols: 3
   dt: d
   data: [ 2.3849458054228068e+00, 3.1231433166251149e-01,
       -5.4938930160632560e+02, -3.0140783408932870e-01,
       3.2261801500672624e+00, -8.1229411287074231e+02,
       -1.8606085180094001e-05, 3.3378180591048338e-04, 1. ]
