%YAML:1.0
homography: !!opencv-matrix
   rows: 3
   cols: 3
   dt: d
   data: [ 2.4030530758028794e+00, 1.4563958035169028e-02,
       -4.8601384359162353e+02, 6.6494954089953984e-02,
       3.3025827198010473e+00, -6.9369752605109636e+02,
       1.1744309050633107e-04, 3.0090474575738527e-04, 1. ]
